#Points	NewSOR	NewResidual	OldSOR	OldResidual

10	9.925902e-02	9.627116e-02	8.616710e-02	9.731880e-02	
100	6.546458e-02	3.986283e-02	5.150896e-02	6.842119e-02	
127	6.442033e-02	3.838012e-02	5.166998e-02	6.882248e-02	
128	6.471322e-02	3.876077e-02	5.161223e-02	6.808646e-02	
200	6.298661e-02	3.701156e-02	5.184649e-02	7.183583e-02	
255	6.370073e-02	3.670101e-02	5.660251e-02	7.626415e-02	
256	6.436189e-02	3.685200e-02	5.759885e-02	8.071358e-02	
500	6.552183e-02	3.636174e-02	6.662789e-02	9.258063e-02	
511	1.057193e-01	6.537816e-02	8.076262e-02	1.364858e-01	
512	1.192116e-01	7.351620e-02	7.561650e-02	1.150266e-01	
1000	1.248553e-01	7.147622e-02	6.639072e-02	9.280260e-02	
1023	1.264910e-01	7.170502e-02	6.956868e-02	1.009359e-01	
1024	1.266907e-01	7.192645e-02	7.124974e-02	1.014721e-01	
2000	1.251194e-01	7.123558e-02	6.641935e-02	9.306577e-02	
2047	1.260035e-01    7.184461e-02    7.039595e-02    1.018951e-01
2048    1.262269e-01    7.191727e-02    7.169781e-02    1.013776e-01
