#Points SOR Residual

10	3.020655e+02	7.808387e+01	
100	1.341643e+03	1.160230e+02	
127	1.170335e+03	9.978580e+01	
128	1.502495e+03	1.331707e+02	
200	1.646871e+03	1.362195e+02	
255	1.776151e+03	1.398731e+02	
256	1.869931e+03	1.461869e+02	
500	1.961316e+03	1.714224e+02	
511	1.547796e+03	1.746302e+02	
512	1.608349e+03	1.728120e+02	
1000	9.473033e+02	1.849834e+02	
1023	9.477787e+02	1.850404e+02	
1024	9.513944e+02	1.832741e+02	
2000	1.296467e+03	1.903728e+02	
2047	1.286681e+03	1.894147e+02	
2048	1.276083e+03	1.877118e+02	
