#Points	NewSOR	NewResidual	OldSOR	OldResidual

10	2.478577e+04	1.237427e+04	7.500349e+03	3.790172e+03	
100	1.808233e+03	8.473287e+02	4.120118e+02	4.645160e+02	
127	5.821772e+02	3.890123e+02	3.662601e+02	4.504591e+02	
128	6.486051e+02	4.118932e+02	4.843493e+02	4.528783e+02	
200	4.656362e+02	3.916873e+02	3.043447e+03	3.009432e+03	
255	3.984295e+02	3.849311e+02	3.778745e+02	5.497657e+02	
256	3.549505e+02	3.648356e+02	4.924314e+02	5.780246e+02	
500	2.084216e+03	2.440351e+03	6.192724e+03	4.673477e+03	
511	1.375299e+03	1.206743e+03	5.754080e+03	4.150566e+03	
512	2.740386e+03	2.078311e+03	5.946229e+03	3.856103e+03	
1000	6.532499e+03	2.302814e+03	6.016444e+03	4.446939e+03	
1023	6.594892e+03	2.765018e+03	6.277306e+03	4.300738e+03	
1024	6.673692e+03	2.568211e+03	6.308068e+03	4.179791e+03	
2000	7.552770e+03	2.559291e+03	6.249369e+03	4.260719e+03	
2047    7.250968e+03    2.225936e+03    6.241738e+03    3.957942e+03 
2048    7.496506e+03    2.158533e+03    6.209485e+03    3.974561e+03
