#Points SOR Residual

10	8.3446502685546875e-07	4.5299530029296873e-07	
100	0.00010275840759277344	1.392364501953125e-05	
127	0.00016598701477050782	2.2268295288085939e-05	
128	0.00016908645629882814	2.3412704467773438e-05	
200	0.00040918588638305664	5.245208740234375e-05	
255	0.00067863464355468752	8.6557865142822268e-05	
256	0.00067657232284545898	8.6510181427001959e-05	
500	0.0025600790977478027	0.00035670995712280276	
511	0.0026670098304748535	0.00048501491546630858	
512	0.0026920795440673827	0.00044999122619628908	
1000	0.010404217243194579	0.0031747460365295411	
1023	0.010889995098114013	0.0032972574234008791	
1024	0.011056149005889892	0.0033292055130004885	
2000	0.041518902778625487	0.0092732191085815423	
2047	0.043658757209777833	0.0099137187004089359	
2048	0.044178187847137451	0.0099329590797424313	
